1019082
1028133
1030063
1036201
1039247
1046903
1050095
1050186
1051382
1058395
1058882
1060995
1062735
1062738
1062751
1062809
1063214
1063451
1063541
1063696
1064196
1064819
1064888
1064935
1064936
1065006
1065259
1065324
1065374
1065486
1065808
1065809
1065873
1065891
1065926
1066217
1066386
1066964
1066983
1067773
1068034
1068098
1068124
1068204
1068226
1068276
1068316
1068327
1068339
1068360
1068388
1068390
1068447
1068604
1068653
1068784
1068830
1068953
1068959
1068969
1068971
1068986
1068996
1068999
1069000
1069008
1069020
1069021
1069061
1069077
1069078
1069083
1069117
